9738: 7 89 52 75 8 1
866433468: 869 913 996 36 81
26082000: 3 3 2 7 9 165 1 5 6 7 414
186475610: 39 2 22 1 103 987 8 36
6032: 2 5 62 5 2 9 8 8 6 6 1 364
137870: 8 3 66 87 6 56
1124649814: 7 995 46 2 61 6 4 34 78
21658230055: 19 11 413 749 335
28526964: 28 447 79 96 3
2217604115: 42 8 33 4 5 40 1 12
162809: 6 3 47 1 52 811
53604232: 8 3 5 180 7 7 2 34 7 27 2
88207: 3 5 7 8 45 8
138064615: 1 6 5 7 9 1 176 597 6 7
2044274537: 98 543 9 5 461
5087: 64 45 833 476 898
565936809: 16 9 8 35 10 5 6 136 5 4
1204743: 21 9 16 940 12 101 5 3
31889402: 79 723 43 8 4
283912604: 7 6 8 7 2 8 3 6 21 6 8 829
14638370422: 34 201 8 535 3 8
189978880: 3 781 65 233 16
390: 4 2 65
2174: 716 7 3 3 2
12538759: 146 4 8 856 71
414039: 8 1 868 53 3
385541: 1 2 6 973 393 8
7177216: 71 7 6 854 360
20797: 38 533 8 1 534 1
3482121800: 995 3 25 164 851
403969860760: 4 488 554 90 760
52435488: 7 9 7 63 7 61 2 7 8 942
16157975: 77 2 7 57 748 227
2093: 44 4 9 8 1 1 9 9 589 3 3 1
30018373: 853 62 55 7 9 3 9 799
147502: 28 597 59 4 2
1307846896: 1 955 456 9 8 3 5 944 3
104031: 106 79 6 56 95
14063969030: 1 7 66 83 995 6 8 8 5 9 8
3011: 7 362 477 1
15279681: 9 831 227 9 84
107612098: 351 867 533 353 48
723722: 322 52 5 43 9 2 3 6 9 4 8
240631925315: 212 19 746 3 9 6 63 6 4
10848: 664 2 16 2 191
1985168140: 813 85 1 78 59 94 305
10059931015: 9 229 29 45 109 8
49020: 2 66 72 4 59
3025: 4 9 64 39 1 11 5 3 4 6 7
58975574: 824 449 14 8 222 413
262: 5 20 86 73 3
3443861405: 821 5 70 9 932 242
4262808: 9 18 2 808 73 697 1 67
1114560: 8 8 4 1 3 1 313 2 2 40 9 4
4664545: 303 5 5 3 9 408 628 4 3
331493: 69 262 39 8 95
864500: 446 9 5 76 5
9310: 5 24 9 7 35
2021: 931 8 11 60 2 1
161: 2 52 23 26 8
13116902559: 989 95 4 32 9 7 2 2 3 3 3
663987: 629 33 77 30 46 45 9
5363: 12 8 259 46 64 73
8784162150: 3 1 711 821 3 999 7 15
68416656: 886 291 4 84 173
721298: 5 3 132 216 9 9
222645156015: 8 9 728 5 323 5 849 1 3
17588: 69 76 57 3 83 573
646829800: 2 3 7 6 2 9 8 57 5 985 1 8
641: 7 85 5 33 8
5974397: 9 9 81 42 6 36 55 97
3761568: 5 864 5 9 2 3 1 53 8 2 9 2
4870628286: 5 2 8 8 9 6 46 6 1 36 72 6
45553423521: 708 45 643 84 4 517 4
1801024: 78 9 55 22 9 1 25 64
4200529626: 493 852 16 961 6 1 6
363243790: 10 2 244 417 98 7 5
10142: 36 4 58 93 30 90 4 4 6
21934: 7 1 7 1 60 7 3 9 8 2 84 8
1151283: 9 7 96 18 2
223456800: 66 202 303 4 840
19752652753: 3 27 86 3 5 64 3 9 7 5 3
4161: 357 9 6 929 8 5
43898481: 74 361 8 9 195 148 59
16011850: 9 846 7 33 2 714 9 7 5 5
5806: 34 497 1 76 421
3590996: 1 795 2 988 8 1
52891514: 507 2 43 8 1 30 5 8 8
620894484: 5 360 8 6 21 9 9 2 7 453
277902: 100 477 4 6 8 5 2 2 70 3
43281434439639: 8 9 6 81 434 4 39 639
1009: 1 86 8 2 4 73 5 7 168 1 4
626068223: 83 5 921 42 39 51 2
784868: 733 51 410 9 448
7455282783786: 76 98 7 282 7 83 78 3
2917455: 6 422 1 306 28 50 456
3838042: 620 1 309 4 4 5 242
13525486: 3 694 1 9 194
633151928: 8 1 3 2 9 76 8 68 71 925
36687: 8 587 208 45 548 3 1 1
294364082: 63 988 3 5 8 7 7 1 9 3
592232: 55 5 6 351 1 64 2 6 1 6 8
1634560: 5 106 46 2 320
1026: 65 905 3 55
5976078: 7 7 8 54 583 9 9 6 5 3 7 2
83520: 2 73 9 7 289
279: 2 70 5 31 1 95 7
14358894: 2 9 905 6 4 19 9 5 6 3 5 3
1178814922: 6 2 3 86 844 213 2 7
36754: 23 7 8 8 799
78472: 7 68 4 993 9 8 5 2 1
280360: 3 3 3 2 4 499 10 77 6 47
5292787503: 6 7 908 638 87
48787282: 843 75 13 534 43 91
96484931: 7 269 7 732 9
15596: 7 1 4 7 5 1 920 549 8
20105173: 20 104 6 5 73
590841297: 209 3 7 67 67 6 601
15429664: 903 8 960 5 6 377 562
99949: 558 2 4 6 8 172 533
47704483: 7 2 9 53 2 67 40 6 2 75
186175365: 7 28 1 3 62 928 3
2905956810: 88 4 677 864 639 54
13245699: 514 99 8 582 1 26
172593013785: 6 741 912 5 6 7 64 8 2 7
184680: 1 3 8 959 381 9
113569: 91 312 4 1
588594586: 286 98 313 7 3 9 6
20333807: 54 35 228 41 806
855660: 9 597 2 7 67 3 192 6 6
408864816968: 1 2 62 6 7 4 2 508 9 9 6 6
29160: 87 93 2 8 29 7 62
143618118: 81 90 1 3 98 67
3234: 210 11 7 62 855
41247047777: 656 8 628 777 7
30358785928: 358 848 3 85 840 85
109948764: 61 42 998 72 43
86385973: 5 7 1 360 857 44 8 7 6 8
3098151: 273 8 373 9 4 526 1 7 4
7859: 678 3 9 95 9
435240020: 50 156 93 6 23
841344883: 8 8 110 6 7 6 8 1 8 8 1
158074710770: 8 6 4 6 654 6 79 373 9 7
961738: 6 793 50 2 91 44
21182: 9 596 35 5 2
363956: 333 30 956
624367008: 702 316 7 793 888
1015279: 9 53 5 78 980
142877: 5 75 6 4 1 371 5 4 4 29
304037243: 197 5 55 513 33 3 2
27090929: 3 1 85 1 6 4 7 832 91 4
107117664085178: 401 7 9 60 424 85 176
4343616842: 429 4 92 44 16 839
244608: 3 211 4 48 8
3163603: 52 439 287 7 6
18096: 8 5 6 9 63 5 2 901 2 83 4
53146: 9 8 8 9 53 306
4660224090: 6 9 6 9 967 76 278 47
61510631292: 161 53 7 68 9 80 9 5 1
4885425: 75 6 11 708 3 75
1558: 393 89 637 1 438
253036: 240 5 850 77 6 5 3 58
41862177: 1 8 36 6 6 8 7 1 810 72 9
42730028: 3 9 1 66 484 754 227
110058: 84 25 7 51 51
1455970172: 5 515 880 8 330 4 3 20
263829107: 78 915 3 9 6 2 616 3
1533739892: 70 380 71 5 8 193 6 94
69501: 49 18 50 66 9
496742400: 7 5 411 9 8 1 8 80 5 352
9483: 84 91 87 8 1 35
2980118: 6 12 4 4 9 75 111 7
19292338: 23 4 47 9 7 339
10243347159: 16 1 5 32 836 3 4 19 5 6
60655337668: 729 3 9 5 872 83 66
378864: 1 4 4 3 85 8 769 3 8 8 9 6
4184550: 769 64 5 9 85
58504: 9 9 10 75 568
55310: 9 9 4 6 4 47 8 127 6 1 7 5
34172: 35 86 8 8 35 12
167913: 4 4 91 223 13
169725: 8 286 8 56 6 2 19 2 336
8252: 1 65 5 2
34569: 5 70 46 7 1
149149800: 232 2 94 645 705
13288800: 2 4 5 98 6 565
226195: 1 647 349 5 8 7 4 4 2 5 8
7594349756: 904 21 1 874 26 5 8 4
86994: 9 888 5 348 18
67392078: 8 2 832 3 5 9 4 5 3 3 67 2
85857433652: 8 8 6 4 6 1 12 6 17 7 548
1020128: 3 2 6 49 8 6 61 7 8 898
301937019: 9 23 3 853 19 6 5 7 602
110965286558: 1 22 4 4 710 7 21 3 12
23506102472741: 2 9 38 2 6 2 8 8 727 4 3
208929: 34 798 2 904 81 923
2427104880059: 82 155 64 600 6 82 62
5781781863: 889 9 9 810 993 99 9
209106: 86 473 368 623 5 761
57612502436: 991 2 319 58 425 8
1085000: 22 4 6 5 7 614 2 625
214090: 636 66 841 1 5
5358320: 120 47 95 6 307 4 2
1625: 89 17 3 46 64
113874313: 2 2 7 315 52 4 2 3 4 79
1277878141: 511 22 421 270 1
37662: 42 6 191 85 7
1484478142: 59 761 6 3 828
11191: 25 86 20 70
24123: 724 7 1 1 33
980895: 5 8 2 17 3 4 4 5 8 846 2 3
656030346: 4 315 747 697 6
13915941125: 2 2 474 1 6 4 9 8 1 9 16 4
71375369931875: 5 6 289 891 7 9 87 9 9 7
81216: 9 278 6 72 4 54 8 4 2 3
722691: 2 22 2 3 599 3 2 21 177
497191: 6 2 5 78 8 75 55 8 6 5 6 2
551046914761: 2 4 82 16 7 691 42 5 61
326116: 32 242 19 42 70
8085345: 88 667 732 23 17 8 7 1
48758: 3 95 1 857 1 9 7 662 1
5936: 24 3 34 4 8 581 88 8
20595960: 9 56 1 35 12 743
2463393168: 79 76 9 87 524
28841300: 95 1 3 4 12 57 40
342661733: 743 3 461 58 377
200703438: 36 491 43 9 55 76
36871100163: 383 8 7 3 4 77 50 2 2 8 5
933760808: 3 4 4 746 2 7 9 4 5 970 8
92390121: 6 73 719 134 1 3 4 8 9 9