120930084: 56 74 8 1 778 1 396 9
8744156: 61 7 77 792 4 7 6 7 14 9
402269: 8 226 17 44 66
178599: 79 52 44 675 37
100760768: 7 7 8 85 3 8 63 540 2 8 1
11880: 16 8 53 7 14 1 8 15 1
936: 818 5 7 3 102 2
11033: 4 4 8 1 9 8 26 2 84 6 947
34080659: 552 70 9 98 53 40 2 84
37548984: 105 7 417 982 85 149
14058691: 9 693 80 2 1 26 93
15437: 65 256 46 23 648
2484: 245 6 28
12146737: 412 67 2 440 94
32926: 6 107 6 5 4 4 81 13 881
21511305: 6 5 4 6 5 16 5 237 9
9271469: 984 4 160 9 4 897 77
7232234: 99 439 8 9 168
4300: 29 8 9 4 86
79692: 63 26 4 1 6 1 22 30
3306840192: 84 890 456 576 97 1
4035: 8 2 41 79 6
78221152982: 77 7 7 2 2 83 6 7 1 718 4
7746432: 96 52 4 3 8 97 97 192 2
80605277659: 80 6 4 5 3 7 555 3 1 5 7 5
22982400847: 96 2 375 76 1 1 3 7 2 9
76375: 76 28 7 4 82
9185181: 74 57 7 5 7 2 1 1 1 2 6 3
6410: 2 342 1 598 5
28506400: 2 20 487 70 3 50 16 1 1
34629310075: 3 164 5 8 545 50 2 74
16395084032096: 953 20 2 5 6 215 1 2 1 8
5346609: 91 699 41 28 3 3
136844612: 521 5 813 40 56 8 4
4420438407: 2 4 6 4 4 85 28 29 9 7 99
3113668265: 232 671 11 412 3 8 2
175643432: 6 9 680 3 7 719 48 33 8
1002453: 908 16 23 6 3
1442380145: 2 8 2 84 72 41 25 3 11 6
85252: 3 66 2 2 6 55
1344706: 2 32 501 34 70 6
307576642: 5 615 766 45
59180: 760 9 76 513 1 1 3 218
14929: 739 7 2 9
13705: 24 81 12 7 6 1 2 5
4707430: 41 4 495 3 1 8 68 910 7
58665432: 1 68 77 368 3 990 8 4
259208664: 323 9 2 8 23 47 9 17 64
221266531: 2 978 53 5 426
3012887: 4 44 7 961 3 8 19
1017165449: 567 3 629 55 2 84 16 7
19844: 6 1 443 34 41
91377830: 1 8 2 94 8 1 31 639 8 28
1972287: 9 1 3 4 327 9 9 5 68 364
115226202: 2 630 10 13 49 22 7 13
47521236: 662 4 2 9 997 144 80 4
122472: 48 29 6 8 51 1 2 7 6
456773347806: 922 77 444 9 55 3 3
2012941: 35 3 258 68 1 41
12369709: 12 6 3 7 202 9 1 6 3 9 4 6
11930328: 94 4 73 54 34 38
206438269783: 196 7 7 966 826 978 1
21690: 1 3 3 15 9 6 8 696 4 3 3 3
7896685: 5 62 8 3 6 726 7 1 6 505
36766548227: 4 9 7 1 6 61 6 30 8 8 227
65516433: 71 6 305 3 68 3 2 302
195813756: 24 4 7 67 8 93 61
1037645218: 6 3 8 9 48 64 501 20 3 3
431840742: 4 42 476 6 10 3 2 9 36 8
183522045: 13 257 578 713 95
3980476750: 428 93 532 235 49
40175: 11 30 1 2 932 97 2
1622620: 3 333 35 4 596 993 58
9065220018: 64 79 3 897 690 2 15
4403242: 1 81 1 4 3 27 46 18 5 4 3
89630044144: 291 44 292 7 145
2771: 62 4 35 377 84
3459345548: 390 887 4 4 91 63 1 5
24300223: 751 92 17 883 32 63
508447380: 916 56 236 34 6 7
98540394: 2 1 3 521 3 71 3 2 7 4 1
856: 27 708 2 114 3
147779: 49 974 538 748 64
114946989003: 75 24 5 212 5 1 30 9 77
2320: 6 376 82 5 1
583946: 980 595 5 89 7 742 3
394373579: 394 37 3 57 9
2194564139: 789 175 883 2 9 9 8
29276400: 30 1 205 8 969
30073160: 681 3 805 60 3 9 4 383
125328: 373 42 8
8354: 1 977 1 8 538
751320: 3 9 6 1 67 3 5 4 7 1 3 30
81738: 2 897 3 6 1 5 5 4 93 6 1 5
416513: 9 5 27 6 5 10
112725: 20 12 56 5 932 8
509308: 76 67 27 81
30379850: 1 3 8 369 7 7 7 4 6 366 7
83225928877: 9 9 7 549 4 8 3 3 5 2 85 5
76610: 9 2 79 653 6 1 605 3 4 5
87795864: 4 454 743 258 8 4
2825914182: 6 787 391 93 98
4092023: 725 9 2 20 48 515 13
1428849: 2 2 3 4 3 664 1 923 63 8
18915688: 9 5 191 22 65 93 3 95
596332802571: 9 2 680 56 87 2 57 1
128771436: 725 292 34 49 39 76
66469994: 36 628 699 93 2
55331586: 75 92 99 6 81
123784: 4 12 967 8 8
10608222013922: 5 2 3 7 40 8 5 1 9 752 9 5
11807: 131 2 9
236859524001: 2 9 28 476 587 332 6 9
29025783: 5 17 7 9 103 8 940 18
48368280: 86 2 8 57 4 92 44 4 1 4 6
50503: 2 3 7 7 3 8 56 99 512 52
7080604: 8 45 6 2 4 8 6 75 5 4 4
1013: 2 854 62 95
133135999: 6 7 31 35 999
79525168843: 397 1 69 225 7 2 29 44
2053444004: 5 4 6 4 6 2 59 82 5 40 2 3
127: 2 47 26 3 4
17140953899: 474 5 373 70 277
3175296479: 6 1 321 7 22 9 2 6 8 481
32507250: 5 5 323 75 974
82275719773: 77 8 2 951 9 288 39 3 4
1036: 59 5 77 7 7
9343184004: 21 642 2 28 693
2255: 6 5 4 37 5 622
2539446: 8 2 63 33 493 647 48 6
113322553895: 5 313 2 2 5 72 9 362
2998699: 867 7 8 75 532 61
6969889: 75 2 435 9 2 68 6 33
254008: 596 85 132 5 48
56142119: 1 970 2 577 19
154413: 2 17 79 23 57
16994346: 6 540 54 9 1 4 6 576 42
11516781: 1 1 328 92 9 87 781
727059766: 1 71 705 97 66
18265982: 3 6 455 69 1 41 756 5
521158592: 732 54 8 8 5 4 206 2 8 8
19993957885: 3 772 377 38 52 37 5
31237544: 551 8 4 71 67 1 104
92463520: 9 241 5 3 520
910: 9 3 3 781 5
2305200: 38 419 1 1 60
26171036: 40 80 2 74 833 148 34
826304352: 879 940 44 351
2428: 1 5 20 908 1
3552241: 744 682 8 46 7 7
97769892: 535 92 5 79 3 2 845 2 6
143444: 1 7 86 4 413 2 280 84
3610161: 7 163 76 4 3 1 7 522 4 5