1257122897: 2 4 92 47 80 582 91 83
18830: 45 5 73 70 7 39 5
227654: 3 492 622 2 2 6 9 854
143542: 7 3 7 6 8 7 448 9 8 2 8 36
54869: 55 997 34
337556448: 6 6 71 2 284 8 9
125424000: 798 6 6 104 5 50
327636630: 90 479 76 6 32
1582: 77 207 52 2 92 818
1079: 53 3 2 7 9
12608: 310 4 5 6 8
3899: 10 20 619 6 5
322806119: 9 7 40 9 610 1 1 4 5 3 82
3898: 856 7 4 395 8 9 3 2 5 24
156635: 57 3 653 19 7 69
2805257: 5 6 16 313 77 8
10822362: 591 41 3 437 39 57
2392: 132 68 98 8 8
585375: 2 8 44 2 5 51 212 1 41 5
6246569: 4 754 1 823 1
656322560: 87 7 7 4 487 96 32 8 2
8267103740: 19 6 5 4 9 3 7 96 5 85 7 4
6973967057: 993 3 243 38 1 70 55
17528867928: 80 95 288 678 48 80
147026546: 4 718 4 3 6 4 79 4 9 242
16201524738: 6 50 495 37 42 371 7
2667: 3 820 208
1460222434798: 4 867 402 6 3 3 3 9 8 9 8
9336: 53 3 4 8 2 7 299 1 3 9 9
261597: 9 29 56 2 1 36
119884: 1 4 328 6 846 6 7 436
34138: 5 7 13 73 923
4882909: 1 6 978 98 3 356 772 9
38168287210: 734 52 28 60 2 9 87 23
57495247: 7 8 1 4 951 94 54
604800: 9 394 9 2 4 78 2 6 84
249449988: 3 8 453 24 5 1 2 5 56 8 3
189848: 4 482 4 759 8 19
10276242: 626 1 5 41 4 3
2539797551: 8 33 32 58 564 84 612
1282112954: 4 8 818 3 5 3 3 4 4 3 5 7
80495256: 94 6 1 881 3 54 48
332958094560: 13 9 84 90 247 254 6
87532: 55 55 790 7 1 574 5 48
2128004021: 72 4 4 2 9 8 9 32 85 6 9
2715662333: 820 5 280 9 5 448 4 4 2
48270511: 114 611 63 11 7 274 8
616034411: 8 9 730 8 9 2 381 4 7 83
26253: 320 82 1 7 6
917: 4 1 12 8 855
10114: 146 7 7 4 7 3 8 6 805 95
3509: 4 71 6 64 8 586 5
234388: 15 7 8 8 761
278046840: 361 9 1 1 32 96 5 6 4
197355265: 36 7 7 40 6 26 8 8 96
27545399: 982 935 30 117 182
283618: 3 3 7 8 4 93 6 154
3561: 3 5 48 12 3
145841: 467 8 39 64 73
3120385147626: 398 980 8 65 147 626
7203169837134: 6 2 935 8 49 182 892 7
43209: 7 473 30 3 9
137465840: 2 445 86 4 449
27011138372: 249 81 6 2 4 6 93 2 9 6
17635382: 833 11 995 21 2
323602: 6 1 4 3 5 1 2 6 749 7 25 2
337407: 590 27 53 80 21 84
32: 2 13 6
1063291576: 9 689 91 3 465 2 6 256
495: 97 3 2 1 394
33487323: 3 1 8 3 930 2 4 66 4 7 9 4
670885: 122 5 982 89 8 70 5
3968744: 594 334 2 10 824
259022824310: 94 88 1 91 8 6 6 8 62 5
1555452: 8 6 5 39 512 8 9
93292: 934 79 92 96 1
585349: 499 6 2 13 22 1 7 1 12 8
4205786: 841 5 698 9 27 7 41 3
25110960: 88 163 100 9 58
17101: 617 793 199 834 7
439471282: 4 5 690 8 841 3 120 8 2
3835: 61 655 49 2 5
969222975: 635 6 32 6 3 5 59 525
261738549: 3 40 6 3 73 522 332 6
1667: 1 565 2 12 86
13091188: 92 164 69 6 85
37950: 17 4 3 186 4 2
71851230: 8 7 3 87 579 3 62 8 4
13650: 295 42 3 1 545 4 708
143370025: 109 61 67 86 84
3209583: 4 751 949 64 799
1361655036: 972 8 8 47 23 70 7 3 9 4
644098: 102 902 6 7 28
41046216: 3 4 656 9 1 9 284 2 9 3 8
8342: 9 14 808 9 25
4542444: 928 37 82 562 57
106697: 26 332 33 9 371
277620699: 59 1 7 661 5 9 7 37 58 4
77711: 17 43 1 49 26
63727: 7 9 497 85 74 74
602487131136: 283 64 3 502 251 8 11
24287558400: 7 39 6 485 96 630 3
55716685: 5 78 25 5 6 7 8 713 13
104141888: 3 57 286 8 76
72181001880: 3 936 117 453 485
3696597216: 208 6 829 9 397
5327039521: 495 528 237 86
4330: 36 32 9 6 1 48 1 345
76048: 724 36 4 5 3
6821176: 923 5 76 86 79
417575977: 51 7 25 69 13 6 9
1616974: 53 32 990 43 14 2
579012: 3 8 2 8 66 6 791
5619: 5 933 617 44 293
976057: 36 71 86 2 2 6 4 53 8 1
2227262400: 9 641 55 6 70 89 5 8 6
56015843865: 41 759 91 326 9 2
13889: 61 4 52 576 625
104467258: 6 3 2 890 16 2 8 2 1 6 5 5
21100542: 5 7 7 697 5 1 9 3 1 1 45
237321633: 6 4 37 52 3 44 428 30
614408005661: 6 1 440 800 566 1
551695: 10 6 2 489 693
1779: 23 770 2 167 812 5
225261113: 91 846 38 1 77
16992720526: 4 7 6 7 48 1 2 602 2 4 2 9
20830608: 9 9 2 71 6 5 98 8 2 26 9 4
9336191: 389 4 75 8 6 185
402: 3 9 74 3 63
133957656: 721 66 18 67 42
3538816: 6 5 67 2 520 343 9 19 1
119804832: 1 851 9 93 24 7
9488703951562: 94 8 5 3 70 3 8 7 8 1 563
668986: 77 2 4 3 2 4 9 2 38 2 4 4
1535059626: 19 931 849 373 9 6 37
194942815398: 9 7 2 931 44 9 6 28 7
16937198834: 613 614 45 8 765 71
7843849009: 1 779 33 1 6 1 513 99 7
40863895943: 64 65 1 8 789 993 8 1
417343795: 8 934 18 56 1 1 995
5726360: 2 914 954 58 66 5 22 9
53160079278: 53 1 59 509 7 563 27 9
31687462: 31 674 4 130 59
412242: 92 97 4 6 541
7767953: 29 87 63 1 26 115
30676185: 6 51 760 89 95
2015574366960: 2 995 3 7 5 9 9 297 84 2
22435352: 8 779 450 19 8
134049: 7 6 25 4 4 220 289
6520: 7 8 77 144 677 12 6 4
12891: 9 358 4
8067223980: 6 57 9 7 8 7 87 4 1 6 3 3
22575: 62 80 155 4 3 25
1192209064: 48 76 8 46 7 66 3 8 3 9
90: 7 30 8 45 1
607904: 956 2 4 6 628
12395830734176: 555 817 27 826 177
12056400: 408 75 394
2642040: 4 1 781 5 3 3 7 1 5 630 9
49319103: 9 2 3 86 6 5 699 10 2
480: 3 5 32 1 6
27233: 5 27 838 406 8 3
8578801826: 848 9 88 10 1 79 3 5
392269431: 968 4 9 8 8 560 2 9 600
1160351455105: 377 541 6 674 24 19
9626355: 93 3 262 59 16 82
762495554: 7 62 490 5 526 30
21346188317: 8 712 67 5 97 245 555
401666760: 6 7 84 79 3 873 4 2 761
1463: 29 81 5 94 7
22061615: 8 5 657 9 1 6 2 43 6 5 2 3
173192044: 9 8 8 5 6 53 4 6 7
662796: 76 969 9
918: 2 1 500 2 1 411