642785869: 350 7 3 3 90 1 2 9 2 70 1
5132494014: 249 666 266 1 3 309
399526: 79 89 1 5 71
25564: 8 1 23 804 640
195305113: 311 4 62 5 106 9
1561: 8 6 270 3 607
65217: 841 6 77 1
3211322: 4 2 8 9 249 8 7 4 1 8 7 4
397100: 71 751 69 7 74
22986380: 47 68 8 899 748
9297312713: 5 95 567 164 8 713
22300: 26 5 158 804 3 953
446878: 885 4 3 7 8 4 970 9 97
859159318: 411 696 3 991 318
94024904: 46 73 28 8 34 73
232292880: 7 1 41 61 129 90
2463322143: 9 2 27 3 8 900 7 22 14 2
127075605719: 1 281 4 31 5 8 1 5 7 2 2
85529196: 771 8 834 91 99
2124039340: 5 679 291 776 4 79
5312: 4 5 63 83 32
34465823: 80 7 16 427 91
1648947: 80 84 893 9 8
228077526: 31 4 955 232 76 8
659001: 4 8 877 824 2 54 453 7
24448: 742 49 286 22 754 2
233514679680839: 7 360 463 729 94 840
101701: 8 98 902 96 805
9120118163: 45 30 38 8 2 954 40
24482228478: 6 2 95 9 3 13 6 6 8 3 7 78
584873: 9 722 8 64 9
25471922: 789 25 43 32 857 6 5 2
434: 8 15 8 7 2
633755856: 75 845 584 1 9
2432: 87 23 93 334 4
5847: 6 7 96 700 3
7660950: 44 90 62 91 50 33
30612: 7 160 9 77 48 3
33230040: 2 21 8 2 1 511 48 77
21414: 1 394 1 9 53
2733: 20 1 30 32 668
1532160956: 6 6 8 1 7 33 38 6 956
12081726: 9 50 5 553 5 7 8 604 1 6
6441: 50 17 21 73 17
21826: 6 3 2 1 3 8 8 8 255 406
9398256649710: 783 1 4 3 5 22 1 65 7 5 6
13093164: 960 36 71 7 42 9
11837: 229 1 7 88 7
46266954242: 5 311 5 13 829 8 344 2
2947697: 586 4 627 41 5 977 88
3528: 8 3 6 238 86 5 1 81 8 1
52348785: 9 898 595 13 97 9 9
1200780: 6 66 3 62 973 9 2 4 60
1077807: 502 5 42 70 908 6 519
101412046: 518 38 644 8 78
7070: 2 27 3 8 9 3 74 67 5 6 1 7
70840: 113 85 1 66 8 9 73 4 7
5613: 977 5 41 848 3
168: 9 7 92 7 6
269938117: 2 2 220 12 8 3 1 2 81 16
172318528607: 89 40 3 484 8 60 5
3362916240: 125 678 496 453 80
130644058: 30 191 25 2 6 76 46 7 5
6576: 14 6 1 78 24
841126771: 1 846 91 270 5 8 99 1 1
10024: 840 214 8 370 7
83250: 549 9 110 4 253 2 9 5
768852: 927 109 742 85 55
57415: 5 574 4 5 15
2498068: 441 236 2 4 3 8 38 62
81666: 6 1 2 5 2 12 8 3 57 18 6
54892: 2 49 42 408 95
169092322242: 501 654 61 6 8 4 22 43
601202901: 7 5 6 4 6 69 6 796 8 7 3
132322: 6 7 4 4 4 2 4 1 89 2 4 952
1253659: 37 232 49 47 888 65 9
806: 76 2 86 392 129 38 83
5266: 5 8 8 42 898
242045646612: 6 92 580 6 1 9 9 9 2 84
101568: 381 1 145 3 3 64
789: 6 8 4 6 6
6117696803: 764 7 12 1 5 40 1 4
230756736597: 13 673 776 336 595
309227415: 6 9 4 594 9 7 9 7 1 1 338
919422: 2 3 15 3 383 4 4 2 4 4 1
94703823: 804 5 565 765 24 9 3
10111: 9 4 8 9 1 440 644 5 8 3
11739161833: 4 5 4 9 950 89 61 83 5
477935: 315 158 202 41 5
1055341909: 175 890 317 6 9
378494: 2 1 5 1 434 5 84 48 5 7 2
1427: 45 26 20 7
8536549343: 3 195 1 86 8 332 511 7
27202: 5 4 13 52 81 2
63790273: 7 301 1 7 5 9 2 9 8 2 14
9615456: 5 1 46 57 7 4 5 6 9 4 416
11625: 191 58 9 2 536
37797024: 8 2 7 330 479 430 21
122951422: 5 308 7 278 3 8 5 9 62 1
175280970609: 8 87 34 62 857 58 11
26779562: 4 95 541 6 4
1074356: 54 29 4 24 674
114024: 1 39 9 2 91
8526945: 8 706 353 971 8 9 85
11700937213: 8 13 63 3 424 5 842 4 9
16646133: 4 5 4 81 270 7 41 23 3 5
14115111422: 3 9 18 2 7 485 26 1 423
239166053337: 797 2 2 600 3 7 5 3 334
9120448: 651 2 18 210 3 7 4 496
794989: 84 61 10 62 153 1
45206: 2 5 564 79 97
94414481: 944 14 4 77 3
123604325: 78 91 320 73 72 8
798311: 80 25 57 7 311
19223300833: 7 3 1 778 7 2 1 53 3 3 8 8
99651266: 96 5 24 7 13 95 7 346 5
7892736896: 82 1 216 96 893
8778568656: 86 5 32 199 4 51 60
62889378: 4 8 5 7 489 297 8 5 36 1
4262760: 22 9 59 8 6 145 2 9 2 1
2970324: 9 2 873 21 5 9 23 5 9 1
633292955: 8 78 3 9 7 266 3 7 3 82
302592: 6 9 1 3 12 3 540 38 8 48
2315113298: 95 829 887 41 709
188903: 5 902 32 9 31
1136130336235: 6 5 1 6 8 1 2 4 6 902 2 36
2417604906: 88 20 7 7 8 6 8 3 5 6 1 4
3300343: 211 71 30 39 14 80 3
11179583: 699 3 455 3 7 24 5 3 5
730698: 78 97 627 911 76
29832111750: 68 3 4 2 86 425 3 5 9 51
2635949132: 4 7 2 64 9 59 65 120 8 2
1895753: 44 3 95 717 143
353320047: 47 98 1 996 77 3
168678899198: 9 704 97 5 128 7 20
1470873105: 5 6 9 1 231 8 979 3 1 8 1
1628: 72 61 14 5 829 64
7322231677: 523 14 1 1 65 66 674
454133364: 690 205 20 88 1 564
1030579: 5 225 916 18 60
36202: 9 1 4 10 724
4443656: 99 680 8 66 9
5722897946574: 76 753 1 8 7 94 65 74
26861338492: 8 3 9 6 253 29 931 559
1970145: 3 214 8 9 4 573 2 3 7 2
9028681: 8 82 2 8 681
1706413: 3 2 1 83 78 9 88 8 5 9 1 1
1191373029: 84 14 24 9 63 67
158040073: 388 7 10 40 74
2375272056: 26 2 461 905 3
112657658363: 101 68 95 377 458
6905472597: 2 5 5 7 5 3 73 4 62 4 18 7
1171450: 37 43 2 735 595
2689574874: 5 6 8 7 86 59 841 8 26
8053: 3 56 4 9 2 7 1 99 9 7 4 14
3603: 209 54 96 6 7
2957571: 70 6 99 79 389 4
1938: 8 49 34
519875008: 5 54 408 61 23 3