26220: 6 1 89 6 46
791156530: 6 17 91 9 7 6 9 4 6 117 3
3335310: 382 873 8 23 420
106362795: 3 92 267 55 7
6405: 22 41 7 87 3 1
87083105: 32 253 4 9 75 6
209671040: 2 7 192 33 5 77 27 5 1 8
4247868: 526 25 6 1 299 589 2
737911: 22 3 40 90 3 27 3
1189131780: 3 51 9 25 976 39 869 1
1335715821: 832 8 6 34 6 7 458 5 39
1062362112: 9 67 983 81 6 7 32 8
475: 69 79 85 2 9
17785111680: 5 93 34 216 868 6
5498854: 9 1 458 8 857
28850562: 40 2 53 83 5 2 353 26 3
153600: 725 6 7 3 6 5
1721979439: 7 2 2 7 901 8 9 4 1 474 7
4652: 79 33 1 80 7 974 1 2
46922390: 4 9 2 4 6 7 8 7 9 503 7 5
1893698113: 189 341 28 8 114
24739461: 6 8 909 567 43 74
9439936: 3 4 5 97 31 789 4 7 8 8
6976628986: 697 662 8 83 9 1 1 6 7
79058590: 5 28 4 92 3 31 3 4 9 4 7 3
234760: 3 4 9 52 215 8 27 3 40
5367019847: 957 1 75 64 60 4 56 9
115368000: 8 4 4 3 6 488 5 57 8 460
21562739: 4 923 6 730
1523934: 43 53 1 1 35
183322025: 2 8 77 5 352 8 5 7 1 2 6 5
69070400: 6 1 5 2 4 9 3 9 646 5 2 78
254412: 7 6 80 78 74
6199: 236 648 7 5 6
27546885696: 5 903 7 852 92 11 31 3
44: 9 27 8
20538026: 959 60 92 3 95 73 279
954516780: 3 237 68 5 6 47 408 70
56044594: 90 38 93 51 1 62 5
924080549867: 88 71 87 794 17 69
2620747: 50 481 422 5 550
28887610: 383 51 6 83 791 290
2797131472: 47 5 5 79 8 5 62 1 47 1
6999809: 8 57 7 496 4 49 4 253
12713: 8 308 4 6 4 61
42210: 8 1 50 5 3 2 7 2 721 6 5 2
4254340: 62 3 5 363 658 74 5
6623: 9 73 2 5 56
630324: 1 61 9 381 75 870
16064721343: 914 3 7 6 8 5 5 22 1 340
393515: 2 7 28 3 629 531 575 1
2939308: 58 294 30 7 43 4
469224810: 97 77 218 5 210 61
527403: 6 5 34 38 3 1 3 3 9 8 579
509: 51 98 360
49410751: 2 4 37 81 4 25 7 3 8 7 3
598455927: 8 64 79 564 9 93 927
595941354926: 8 2 6 359 13 2 3 4 919 7
73744: 8 8 6 8 6 2 59 42 7 1 62
595872: 90 69 503 9 72
52650267649: 8 77 5 6 2 61 4 61 8 6 2 9
2781768: 1 1 526 8 2 8 8 3 247 4 2
141906: 29 12 5 5 100 92 353
2158: 5 31 2 261 5 656 2
335139: 7 847 7 7 8 2 141 221 7
1894893: 2 358 639 6 67 5 7 7 33
43096933: 21 3 2 58 87 1 3 842 7 5
16089394097: 3 217 877 5 8 5 5 1 96
784298: 23 24 6 2 1 5 699 7 13
36270697401: 2 5 33 836 6 2 33 4 3 5 7
4136028756: 1 2 175 5 123 3 7 915 6
893375682: 71 259 844 9 3 968 82
68965879924: 2 226 908 95 19 168 1
2113173334: 4 6 632 3 79 13 4 3 334
592800865: 2 4 4 2 1 721 800 86 3
137074011: 4 4 3 2 6 6 508 80 67 5 4
11905: 27 7 75 54 950
51004272: 4 901 3 7 6 7 9 7 9 1 8 6
6106112960: 61 581 6 4 7 713 8 472
691695: 7 5 1 9 1 1 239 5 8 22 5 3
4500: 31 7 7 4 25
298689899800: 57 524 98 99 797
25255: 2 52 52
45108495: 12 45 95 3 9 877 3
16860: 207 261 356 19 20 2
4850440: 3 9 673 8 50 4 3 9 3 4
7739550905: 5 7 150 49 13 45 1 44 3
176591: 5 12 6 59 3
1076: 5 8 304 7 9 743
6939816179085: 770 23 48 7 901 3 85
9215: 914 1 4 61
6710638200: 338 3 288 995 74 70
2053984692: 8 686 527 936 6 82 2 1
11296375: 7 2 5 1 3 2 4 9 475 3 378
578405610: 1 201 134 49 79 270
7650012: 8 5 36 94 450 10
372886477693: 3 808 9 6 5 42 544 2
204275: 5 52 782 6 1 949
1923785: 828 79 3 707 28 8 2
5157: 7 5 88 4 5
55187: 321 168 887 371 1 1
3634: 6 8 72 42 19
1071581: 37 1 70 3 961 580
845299348391: 6 99 805 4 93 483 88
733524: 4 86 2 212 7
18058876: 4 449 9 887 7 2
1985234559843: 5 2 8 50 6 6 73 92 6 54 4
34723: 6 65 7 99 70
381012: 6 5 7 463 562 70 2 58
1021314: 44 3 599 98 9 146
1412300: 48 334 88 827 657
470730: 5 50 87 51 65
1720133: 183 3 8 2 2 289 5
134801141: 37 8 345 2 44 5 6 6 95
6294673: 8 33 786 8 6 81
149879601: 26 901 7 914 47 6
489168686: 49 997 2 1 9 626 685
213: 5 5 9 2 85
46379: 213 210 5 845 797 2
26349696042: 19 2 55 3 32 712 35 8
440386892: 5 71 126 919 631
481332668: 4 813 220 13 85 8 2 4 8
1520658574: 5 38 4 319 9 9 4 5 70 7 2
29417638: 8 4 9 768 19 6 7 9 7 1 4 8
36321: 8 62 736 93 13 935 2 1
67698600: 6 2 8 26 7 30 18 308 75
25347629303: 7 9 3 6 907 2 4 4 9 7 6
12947177879: 23 8 966 60 903
1163384970: 6 35 4 12 270 4 5 22 3
24908498259: 6 2 2 707 7 2 95 2 262
2591904: 8 49 58 3 38
19832123318: 4 5 91 60 1 1 5 2 331 8
16310: 1 6 310
219846: 7 32 8 3 8